data:
  mean: [254.9704862389538, 428.4254669527026, 342.7279562557823, 702.7358841192779, 1810.0074448079552, 2216.2117739214846, 2367.677685652485, 2494.9941872093063, 1289.495738743615, 661.1620909049002]
  stddev: [593.0374492250517, 615.9666820118292, 638.7641627402546, 670.2390264518846, 954.936985096568, 1128.9286746165567, 1180.5466537048972, 1182.1826856620162, 852.5916961654593, 719.1352339464264]