data:
  mean: [-947.3169139811688, -796.8505445345153, -871.9300032071696, -557.4219338681338,  406.0041698703212,  758.5328969699314,  890.4302159564568, 1001.7310376371933,  -69.12429781741041, -616.4988293516474]
  stddev: [3411.4867366474246, 3465.513217067986, 3440.8775370412536, 3557.80089033228, 3954.163019672151, 4117.6093235430935, 4176.855031911603, 4216.181021824956, 3755.4270445790526, 3531.8662889089514]