data:
  mean: [1256.8408714806462, 1256.8408714806462, 1256.8408714806462, 1256.8408714806462, 1256.8408714806462, 1256.8408714806462, 1256.8408714806462, 1256.8408714806462, 1256.8408714806462, 1256.8408714806462]
  stddev: [853.6329249620943, 853.6329249620943, 853.6329249620943, 853.6329249620943, 853.6329249620943, 853.6329249620943, 853.6329249620943, 853.6329249620943, 853.6329249620943, 853.6329249620943]