data:
  mean: [-80.24442023261425, -80.24442023261425, -80.24442023261425, -80.24442023261425, -80.24442023261425, -80.24442023261425, -80.24442023261425, -80.24442023261425, -80.24442023261425, -80.24442023261425]
  stddev: [3762.778011152876, 3762.778011152876, 3762.778011152876, 3762.778011152876, 3762.778011152876, 3762.778011152876, 3762.778011152876, 3762.778011152876, 3762.778011152876, 3762.778011152876]